
ki = 97.81;
kp = -193.2;
kd = 95.46;
k = 7;
T1 = 0.1;
T2 = 0.05;

simin = 1;


